50 64 4
1,9 1,44 2,4 2,8 2,13 2,35 2,40 4,15 4,21 4,27 4,29 4,36 4,41 5,33 5,46 5,47 6,18 7,14 7,31 7,33 7,36 8,7 8,19 8,29 9,3 9,28 9,36 10,13 10,43 11,9 11,15 11,44 12,1 13,18 13,25 14,3 14,29 14,37 14,44 15,13 15,18 16,3 16,7 16,39 19,4 19,43 19,50 20,3 20,8 20,24 20,28 22,2 22,32 23,18 23,25 23,45 24,27 24,28 25,26 25,44 27,3 27,13 27,36 28,3 28,10 28,49 29,18 30,11 30,23 30,35 30,42 31,1 31,5 31,28 31,29 31,47 32,1 32,5 32,21 33,6 33,19 33,42 33,45 34,31 35,6 35,21 35,45 35,49 35,50 36,10 36,47 37,3 37,4 37,32 37,43 38,26 38,27 38,47 39,29 39,38 40,36 40,42 41,11 41,25 41,36 41,42 42,13 42,17 42,24 43,25 45,25 46,1 46,6 47,23 47,49 48,6 49,10 50,4 50,25 
1,13 1,14 1,19 1,31 1,49 2,19 3,4 4,42 5,14 5,43 7,15 7,16 7,17 7,24 7,41 7,43 7,45 7,47 8,12 8,21 9,49 11,2 13,3 13,42 14,9 14,48 16,4 16,8 16,40 16,47 16,49 17,6 17,32 17,34 19,20 19,26 19,27 20,31 20,37 21,48 22,11 22,30 22,44 23,1 24,37 25,6 25,17 25,33 25,37 25,40 25,43 25,50 27,8 27,20 27,42 28,6 30,17 30,24 30,31 31,9 32,10 32,23 32,36 33,10 33,37 34,46 35,5 35,32 36,12 36,19 36,29 36,34 38,7 38,29 39,1 39,2 39,24 39,37 39,44 39,47 39,49 40,11 40,21 40,23 40,26 40,27 40,35 41,26 42,14 42,31 42,45 43,1 43,6 43,20 43,21 43,36 44,14 44,18 44,33 45,14 45,41 47,9 47,32 47,40 48,10 48,15 48,28 48,41 49,21 49,24 50,5 50,14 50,26 50,35 
2,25 5,12 5,13 5,15 5,40 6,3 7,36 8,7 8,45 9,8 10,18 10,24 11,48 12,26 12,42 13,7 13,48 14,7 14,10 14,20 14,33 15,27 16,4 16,14 16,26 16,33 16,44 17,4 18,13 19,18 19,27 19,46 20,17 22,29 23,16 23,42 23,50 24,32 25,17 25,23 26,39 27,8 27,11 28,9 28,16 29,7 29,21 29,47 30,43 31,17 31,37 33,30 34,17 35,46 37,1 37,18 38,21 38,47 39,9 39,14 41,11 41,40 41,42 41,49 42,6 42,18 42,24 43,4 44,5 44,26 44,42 46,2 46,31 46,41 47,28 49,10 49,21 49,22 49,33 50,10 50,44 
2,25 5,12 5,13 5,15 5,40 6,3 7,36 8,7 8,45 9,8 10,18 10,24 11,40 11,48 12,26 12,42 13,7 13,48 14,7 14,10 14,20 14,33 15,27 16,4 16,14 16,26 16,33 16,44 17,4 19,18 19,27 19,46 22,29 23,16 23,42 23,50 24,32 25,17 25,23 26,39 27,8 27,11 28,9 28,16 29,7 29,21 29,47 30,43 31,17 31,29 31,37 32,1 32,15 33,30 34,17 35,46 37,1 37,18 38,21 38,47 39,9 39,14 41,11 41,13 41,40 41,42 42,6 42,18 43,4 44,5 44,26 44,42 46,2 46,31 46,41 47,28 49,22 49,33 50,10 50,26 50,44 
1,9 1,44 2,4 2,8 2,13 2,35 2,40 4,15 4,27 4,29 4,36 4,38 4,41 5,33 5,46 5,47 6,9 6,18 7,14 7,31 7,33 8,7 8,19 8,29 9,3 9,28 9,36 10,13 10,43 11,9 11,15 11,44 12,1 13,18 13,25 14,3 14,29 14,37 14,44 15,13 15,18 15,48 16,3 16,7 16,39 19,4 19,30 19,43 19,50 20,3 20,8 20,24 20,28 22,2 22,32 23,18 23,25 23,45 24,27 25,26 25,44 27,3 27,13 27,36 28,3 28,10 28,42 28,49 29,18 30,11 30,23 30,35 30,42 31,1 31,5 31,28 31,29 31,47 32,1 32,5 32,21 33,6 33,19 33,42 33,45 34,31 35,6 35,21 35,45 35,49 35,50 36,26 36,47 37,3 37,4 37,32 37,43 38,26 38,27 38,47 39,29 39,38 40,36 40,42 41,11 41,25 41,36 41,42 42,13 42,17 42,24 43,25 46,1 47,23 47,49 48,6 49,10 50,4 50,25 
1,9 1,44 2,4 2,8 2,13 2,35 2,40 3,36 4,15 4,21 4,27 4,29 4,36 4,41 5,33 5,47 6,9 6,18 7,14 7,31 7,33 7,36 8,7 8,19 8,29 9,3 9,28 9,36 10,13 10,43 11,9 11,15 11,44 12,1 13,18 13,25 13,29 14,3 14,29 14,37 14,44 15,13 15,18 16,3 16,7 19,4 19,30 19,43 19,50 20,3 20,8 20,24 20,28 22,2 22,32 23,18 23,25 23,45 24,27 25,26 27,3 27,13 27,36 28,10 28,42 28,49 29,18 30,11 30,23 30,35 30,42 31,1 31,5 31,19 31,28 31,29 31,47 32,1 32,5 32,21 33,6 33,19 33,42 33,45 34,31 35,6 35,21 35,45 35,49 35,50 36,10 36,47 37,3 37,4 37,32 37,43 38,26 38,27 38,47 39,29 39,38 40,28 40,36 40,42 41,11 41,25 41,26 41,36 41,42 42,13 42,17 42,24 43,25 46,1 47,23 47,49 49,10 50,4 50,25 
2,25 5,12 5,13 5,15 5,40 6,3 7,36 8,7 8,17 8,45 9,8 10,18 10,24 12,26 12,42 13,7 13,48 14,7 14,10 14,20 14,33 15,27 16,4 16,14 16,26 16,33 16,44 17,4 18,13 19,18 19,27 19,46 20,17 22,29 23,16 23,42 23,50 24,32 25,17 25,23 26,39 27,8 27,11 28,2 28,9 28,16 29,7 29,21 29,47 30,43 31,17 31,37 32,1 33,30 34,17 35,46 37,1 37,18 38,21 38,47 39,9 39,14 41,11 41,40 41,42 41,49 42,6 42,18 42,24 43,4 44,5 44,42 46,2 46,31 46,41 47,28 49,21 49,22 49,33 50,10 50,44 
1,13 1,14 1,19 1,31 1,49 2,19 2,48 3,4 4,42 5,14 5,43 6,12 7,15 7,16 7,17 7,24 7,41 7,45 7,47 8,12 8,21 9,49 11,2 13,42 14,9 14,48 16,4 16,8 16,40 16,47 16,49 17,6 17,32 17,34 19,20 19,26 19,27 20,31 20,37 21,48 22,11 22,30 22,44 23,1 24,37 25,6 25,17 25,33 25,37 25,40 25,43 25,50 27,8 27,20 27,42 28,6 30,17 30,24 30,31 31,9 32,10 32,23 33,3 33,10 33,27 33,37 34,46 35,5 35,32 36,12 36,19 36,29 36,34 38,7 38,29 39,1 39,2 39,24 39,37 39,44 39,47 39,49 40,11 40,13 40,21 40,23 40,26 40,27 40,35 42,14 42,31 42,45 43,1 43,6 43,20 43,21 43,36 44,14 44,18 44,33 45,14 45,15 45,41 47,9 47,32 47,40 48,10 48,15 48,28 48,41 49,21 50,14 50,26 50,35 
1,10 1,20 1,31 3,26 4,15 4,40 5,49 6,26 6,28 6,30 6,40 7,29 7,45 8,14 8,20 9,8 9,25 9,30 10,25 10,29 10,32 10,36 11,4 12,30 12,34 13,12 13,41 13,43 15,21 15,22 15,24 15,48 16,23 16,32 17,8 17,28 17,45 17,50 19,23 19,50 20,45 21,40 22,12 22,34 22,43 23,2 23,5 23,10 23,30 23,37 23,44 23,50 24,14 24,19 24,40 27,2 27,3 27,17 27,29 27,30 28,39 29,22 29,46 31,15 31,39 32,14 32,26 32,37 32,46 33,43 34,44 35,27 36,39 37,13 37,22 37,46 38,35 38,45 39,48 40,2 40,20 40,30 42,13 42,18 42,44 42,48 45,16 45,36 45,42 45,49 46,30 47,23 47,33 48,13 48,34 49,13 50,30 50,39 
1,21 5,12 5,13 5,15 5,40 6,3 7,36 8,7 8,45 9,8 10,18 10,24 11,48 12,26 12,42 13,7 13,48 14,7 14,10 14,20 14,33 15,27 16,4 16,14 16,24 16,26 16,33 16,44 17,4 18,13 19,18 19,27 19,46 20,17 22,29 23,16 23,42 23,50 24,32 25,17 25,23 27,8 27,11 28,9 28,16 29,7 29,21 29,47 30,43 31,17 31,37 32,1 33,30 34,17 35,46 37,1 37,18 38,21 38,47 39,14 40,12 40,48 41,11 41,40 41,42 41,49 42,6 42,18 42,24 44,5 44,26 44,42 46,2 46,31 46,41 47,28 49,22 49,33 50,10 50,27 50,44 
1,13 1,14 1,19 1,31 1,49 2,19 2,48 3,4 5,14 5,43 6,12 7,15 7,16 7,17 7,24 7,41 7,45 7,47 8,12 8,21 9,49 11,2 13,42 14,9 14,48 16,4 16,8 16,40 16,47 16,49 17,6 17,32 17,34 19,20 19,26 19,27 20,31 20,37 21,6 21,48 22,11 22,30 22,44 23,1 24,37 25,6 25,17 25,33 25,37 25,40 25,43 25,50 27,8 27,20 27,42 28,6 30,17 30,24 30,31 31,9 32,10 32,23 33,10 33,27 33,37 34,19 34,46 35,5 36,12 36,19 36,29 36,34 38,7 38,29 39,1 39,2 39,24 39,37 39,44 39,47 39,49 40,11 40,21 40,23 40,26 40,27 40,35 41,26 42,14 42,31 42,45 43,1 43,6 43,20 43,21 43,36 44,14 44,18 44,33 45,14 45,41 47,9 47,32 47,40 48,10 48,15 48,28 48,41 49,21 49,24 50,5 50,14 50,26 50,35 
1,9 1,44 2,4 2,8 2,13 2,35 2,40 4,15 4,21 4,27 4,29 4,36 4,41 5,33 5,46 5,47 6,9 6,44 7,14 7,31 7,33 7,36 8,7 8,19 8,29 9,3 9,28 9,36 10,13 10,43 11,9 11,15 11,44 12,1 13,18 13,25 14,3 14,37 14,44 15,13 15,18 15,29 16,3 16,7 19,4 19,30 19,43 19,50 20,3 20,8 20,24 20,28 20,47 22,2 22,32 23,18 23,25 23,45 24,27 25,26 25,44 27,13 27,36 28,3 28,10 28,42 28,49 29,18 30,11 30,23 30,35 30,42 31,1 31,5 31,28 31,29 31,47 32,1 32,5 32,21 33,6 33,19 33,42 33,45 34,31 35,6 35,21 35,45 35,49 35,50 36,10 36,47 37,3 37,4 37,32 37,43 38,26 38,27 38,47 39,29 39,38 40,36 40,42 40,45 41,11 41,25 41,36 41,42 42,13 42,17 42,24 43,25 46,1 47,23 47,49 48,6 49,10 50,4 50,25 
1,9 1,44 2,4 2,8 2,13 2,35 2,40 2,45 4,15 4,21 4,27 4,29 4,36 4,41 5,33 5,46 5,47 6,9 6,18 7,14 7,31 7,33 7,36 8,7 8,19 8,29 9,3 9,28 9,36 10,13 10,43 11,9 11,15 11,44 12,1 13,18 13,25 14,3 14,37 14,44 15,13 15,18 16,3 16,7 16,39 19,4 19,30 19,43 19,50 20,3 20,8 20,24 20,28 22,2 22,32 23,18 23,25 23,45 24,27 25,26 25,44 27,3 27,13 27,36 28,3 28,10 28,42 28,49 29,18 30,11 30,23 30,35 30,42 31,1 31,28 31,29 31,47 32,1 32,5 32,21 33,6 33,19 33,42 33,45 33,50 34,31 35,6 35,21 35,45 35,49 35,50 36,10 36,47 37,3 37,4 37,32 37,43 38,26 38,27 38,47 39,29 39,38 40,36 40,42 41,11 41,25 41,36 41,42 42,13 42,17 42,24 43,25 46,1 47,23 47,49 48,6 49,10 50,4 50,25 
5,12 5,13 5,15 5,40 6,3 7,36 8,7 8,18 8,45 9,8 10,18 10,24 11,48 12,26 12,42 13,7 13,48 14,7 14,10 14,20 14,33 15,27 16,4 16,14 16,26 16,33 16,44 17,4 18,13 19,18 19,27 19,46 20,17 20,38 22,29 23,16 23,42 23,50 24,32 25,17 25,23 26,39 27,8 27,11 28,9 28,16 29,7 29,21 29,47 30,43 31,17 31,37 32,1 33,30 34,17 35,46 37,1 37,18 38,21 38,47 39,9 39,14 41,11 41,40 41,42 41,49 42,6 42,18 42,24 43,4 44,5 44,26 44,42 46,2 46,31 46,41 49,21 49,22 49,33 50,10 50,44 
1,10 1,20 1,31 3,5 3,26 4,15 4,40 5,49 6,26 6,28 6,30 6,40 7,29 7,45 8,14 9,8 9,25 9,30 10,25 10,29 10,32 10,36 11,4 12,30 12,34 13,12 13,41 13,43 14,39 15,21 15,22 15,24 15,48 16,23 16,32 17,8 17,28 17,45 17,50 19,50 20,45 21,40 22,12 22,33 22,34 22,43 23,2 23,5 23,10 23,37 23,44 24,14 24,19 24,40 25,50 27,2 27,3 27,17 27,29 27,30 28,39 29,22 29,46 31,39 32,14 32,26 32,37 32,46 33,43 34,44 35,27 35,45 36,39 37,13 37,22 37,46 38,25 38,35 38,45 39,48 40,2 40,20 42,13 42,18 42,44 42,48 45,16 45,36 45,42 45,49 46,30 47,23 47,30 47,33 48,34 49,13 50,30 50,39 
1,13 1,14 1,19 1,31 1,49 2,19 2,48 3,4 4,42 5,14 5,43 6,12 7,14 7,15 7,16 7,17 7,24 7,41 7,45 7,47 8,21 9,49 11,2 13,42 14,9 14,48 16,4 16,8 16,40 16,47 16,49 17,6 17,32 17,34 19,20 19,26 19,27 20,31 20,37 21,48 22,11 22,30 22,44 23,1 24,37 25,6 25,17 25,33 25,37 25,40 25,43 25,50 27,8 27,20 27,42 28,6 30,17 30,24 30,31 31,9 32,10 32,23 33,10 33,27 33,37 34,20 34,46 35,5 35,32 36,12 36,19 36,29 36,34 38,7 38,29 39,1 39,2 39,24 39,37 39,44 39,47 39,49 40,11 40,23 40,26 40,27 40,35 41,26 42,14 42,31 42,45 43,1 43,6 43,20 43,21 43,36 44,14 44,18 44,33 45,14 45,41 47,9 47,32 47,40 48,10 48,15 48,28 48,41 49,21 49,24 50,5 50,14 50,26 50,35 
1,13 1,14 1,19 1,31 1,49 2,19 2,48 3,4 4,42 5,14 5,43 6,12 7,15 7,16 7,17 7,24 7,41 7,45 7,47 8,21 9,49 11,2 13,42 14,9 14,48 16,4 16,8 16,40 16,47 16,49 17,6 17,32 17,34 19,20 19,26 19,27 20,31 20,37 21,48 22,11 22,30 22,44 23,1 24,37 25,6 25,17 25,33 25,37 25,40 25,43 25,50 27,8 27,20 27,42 28,6 28,15 30,17 30,24 30,31 31,9 32,10 32,23 33,10 33,27 33,37 34,46 35,5 35,32 36,12 36,19 36,29 36,34 38,7 38,29 39,1 39,2 39,24 39,37 39,44 39,47 39,49 40,11 40,21 40,23 40,26 40,27 40,35 41,26 42,14 42,31 42,45 43,1 43,6 43,20 43,21 43,36 44,14 44,18 44,33 45,14 45,41 47,9 47,32 47,40 48,10 48,15 48,28 48,41 49,21 49,24 50,5 50,14 50,26 50,35 
1,9 1,44 2,4 2,8 2,13 2,35 2,40 4,15 4,21 4,27 4,29 4,36 4,41 5,18 5,33 5,46 5,47 6,9 6,18 7,14 7,31 7,33 7,36 8,7 8,19 8,29 9,3 9,28 9,36 10,13 10,43 11,9 11,15 11,44 12,1 13,18 13,25 14,3 14,29 14,37 14,44 15,13 15,18 16,3 16,7 16,39 19,4 19,30 19,43 19,50 20,3 20,8 20,24 20,28 22,2 22,32 23,18 23,25 23,45 24,27 25,26 25,44 26,29 27,3 27,13 27,36 28,3 28,10 28,42 28,49 29,18 30,11 30,23 30,35 30,42 31,1 31,5 31,28 31,29 31,47 32,1 32,5 32,21 33,6 33,19 33,42 33,45 34,31 35,6 35,21 35,45 35,49 35,50 36,10 36,47 37,3 37,4 37,32 38,26 38,27 38,47 39,29 39,38 40,36 40,42 41,11 41,25 41,36 41,42 42,13 42,17 42,24 46,47 47,23 47,49 48,6 49,10 50,4 50,25 
2,25 5,12 5,13 5,15 5,40 7,36 8,7 8,45 9,8 10,18 10,24 11,48 12,26 12,42 13,7 13,48 14,7 14,10 14,20 14,33 15,27 16,4 16,14 16,26 16,33 16,44 17,4 18,13 19,18 19,27 19,46 20,17 22,29 23,16 23,42 23,50 25,17 25,23 26,39 27,8 27,11 28,2 28,9 28,16 29,7 29,21 29,47 30,43 31,17 31,37 32,1 33,30 34,17 35,46 37,1 37,18 38,21 38,47 39,9 39,14 39,27 41,11 41,40 41,42 41,49 42,6 42,18 42,24 43,4 44,5 44,26 44,42 46,2 46,31 46,41 47,28 49,21 49,22 49,33 50,10 50,44 
2,25 5,12 5,13 5,15 5,40 6,3 7,36 8,7 9,8 10,18 10,24 11,48 12,26 12,42 13,7 13,48 14,7 14,10 14,20 14,33 15,27 16,4 16,14 16,26 16,33 16,44 17,4 18,13 19,18 19,26 19,27 19,46 20,17 22,27 22,29 23,16 23,42 23,50 25,17 25,23 26,39 27,8 27,11 28,9 28,16 29,7 29,21 29,45 29,47 30,43 31,17 31,37 32,1 33,30 34,17 35,46 37,1 37,18 38,21 38,47 39,9 39,14 41,11 41,40 41,42 41,49 42,18 42,24 43,4 44,5 44,26 44,42 46,2 46,31 46,41 47,28 49,21 49,22 49,33 50,10 50,44 
1,10 1,20 1,31 3,26 4,15 4,40 5,49 6,26 6,28 6,30 6,40 7,29 7,45 8,14 8,20 9,8 9,25 9,30 10,25 10,29 10,32 10,36 11,4 12,30 12,34 13,12 13,41 13,43 15,21 15,22 15,24 15,48 16,23 16,32 17,8 17,28 17,45 17,50 19,23 19,50 20,45 22,12 22,34 22,43 23,2 23,5 23,10 23,37 23,44 24,14 24,19 24,40 25,39 25,50 27,2 27,3 27,17 27,29 27,30 28,39 29,22 29,46 31,15 31,39 32,14 32,26 32,37 32,46 33,43 34,44 35,27 35,45 36,39 37,13 37,22 37,46 38,25 38,35 38,45 39,48 40,2 40,20 42,13 42,18 42,44 42,48 45,16 45,36 45,42 45,49 46,30 47,23 47,30 47,33 48,34 49,13 50,30 50,39 
1,6 1,9 1,44 2,4 2,8 2,13 2,35 2,40 4,15 4,21 4,27 4,29 4,36 4,41 5,33 5,46 5,47 6,9 6,18 7,14 7,31 7,33 7,36 8,7 8,19 8,29 9,3 9,28 9,36 10,13 10,43 11,9 11,15 11,44 12,1 12,32 13,18 13,25 14,3 14,29 14,37 14,44 15,13 15,18 16,3 16,7 16,39 19,4 19,30 19,43 19,50 20,3 20,8 20,24 20,28 22,2 22,32 23,18 23,25 23,45 24,27 25,26 25,44 27,3 27,13 27,36 28,3 28,10 28,42 28,49 29,18 30,11 30,23 30,35 30,42 31,1 31,5 31,28 31,29 31,47 32,1 32,5 32,21 33,6 33,19 33,45 35,6 35,21 35,49 35,50 36,10 36,47 37,3 37,4 37,32 37,43 38,26 38,27 38,47 39,29 39,38 40,9 40,36 40,42 41,11 41,25 41,36 41,42 42,13 42,17 42,24 43,25 46,1 47,23 47,49 48,6 49,10 50,4 50,25 
1,13 1,14 1,19 1,31 1,49 2,19 2,48 3,4 4,42 5,14 5,43 6,12 7,15 7,16 7,17 7,24 7,41 7,45 7,47 8,12 8,21 9,49 11,2 13,42 14,9 14,48 16,4 16,8 16,14 16,40 16,47 16,49 17,6 17,32 17,34 19,20 19,26 19,27 20,31 20,37 21,48 22,11 22,30 22,44 23,1 24,37 25,6 25,17 25,24 25,33 25,37 25,40 25,43 25,50 27,8 27,20 27,42 28,6 30,24 30,31 31,9 32,10 32,23 33,10 33,27 33,37 34,46 35,5 35,32 36,19 36,29 36,34 38,7 38,29 39,1 39,2 39,24 39,37 39,44 39,47 39,49 40,11 40,21 40,23 40,26 40,27 40,35 41,26 42,12 42,14 42,31 42,45 43,1 43,6 43,20 43,21 43,36 44,14 44,18 44,33 45,14 45,41 47,9 47,32 47,40 48,10 48,15 48,28 48,41 49,24 50,5 50,14 50,26 50,35 
1,9 1,44 2,4 2,8 2,13 2,35 2,40 3,44 4,15 4,21 4,27 4,29 4,36 4,41 5,33 5,46 5,47 6,9 6,18 7,14 7,31 7,33 7,36 8,7 8,19 9,3 9,28 9,36 10,13 10,43 11,9 11,15 11,44 12,1 13,18 13,25 14,3 14,29 14,37 14,44 15,13 15,18 16,3 16,7 19,4 19,30 19,43 19,50 20,3 20,8 20,24 22,2 22,32 23,18 23,25 23,45 24,27 25,26 25,44 26,18 27,3 27,13 27,36 28,3 28,10 28,42 28,49 29,18 30,11 30,23 30,35 30,42 31,1 31,5 31,28 31,29 31,47 32,1 32,5 32,21 33,6 33,19 33,42 33,45 34,31 34,33 35,6 35,21 35,45 35,49 35,50 36,10 36,44 36,47 37,3 37,4 37,32 37,43 38,26 38,27 38,47 39,29 39,38 40,36 40,42 41,11 41,25 41,36 41,42 42,13 42,17 42,24 43,25 46,1 47,23 47,49 48,6 49,10 50,25 
1,10 1,20 1,31 3,26 4,1 4,15 4,40 5,49 6,26 6,28 6,30 6,40 7,29 7,45 8,14 8,20 9,8 9,25 9,30 10,25 10,29 10,32 10,36 11,4 12,30 12,34 13,12 13,41 13,43 15,21 15,22 15,24 15,48 16,23 16,32 17,8 17,28 17,45 17,50 19,23 20,45 21,40 22,12 22,34 22,43 23,2 23,5 23,10 23,37 23,44 24,14 24,19 24,40 25,50 27,2 27,3 27,17 27,29 27,30 28,39 29,22 29,46 31,15 31,39 32,14 32,26 32,37 32,46 33,43 34,44 35,27 35,45 36,39 37,13 37,22 37,46 38,25 38,35 38,45 39,48 40,2 40,20 42,13 42,18 42,44 42,48 45,16 45,36 45,42 45,49 46,30 47,23 47,30 47,33 48,34 49,13 50,30 50,39 
1,20 1,31 3,26 4,15 4,40 5,49 6,26 6,28 6,30 6,40 7,29 7,45 8,14 8,20 9,8 9,25 9,30 10,25 10,29 10,32 10,36 11,4 12,30 12,34 13,12 13,41 13,43 15,21 15,22 15,24 15,48 16,23 16,32 17,8 17,28 17,45 17,50 18,19 19,23 19,50 20,45 21,40 22,34 22,43 23,2 23,5 23,10 23,37 23,44 24,14 24,19 24,40 25,50 27,2 27,3 27,17 27,29 27,30 28,39 29,22 29,46 31,15 31,39 32,14 32,26 32,37 32,46 33,43 34,44 35,27 35,45 36,39 37,13 37,22 37,46 38,25 38,35 38,45 39,48 40,2 40,20 41,44 42,13 42,18 42,44 42,48 43,48 45,16 45,36 45,42 45,49 46,30 47,23 47,30 47,33 49,13 50,30 50,39 
1,9 1,44 2,4 2,8 2,13 2,35 2,40 4,15 4,21 4,27 4,29 4,36 4,41 5,33 5,46 5,47 6,9 6,18 7,31 7,33 7,36 8,7 8,19 8,29 9,3 9,28 9,36 10,13 10,43 11,9 11,15 11,44 12,1 13,18 13,25 14,3 14,29 14,37 14,44 15,13 15,18 16,3 16,7 16,39 19,4 19,30 19,43 19,50 20,3 20,8 20,24 20,28 22,2 22,32 23,10 23,18 23,25 23,45 24,27 25,26 25,44 27,3 27,36 28,3 28,10 28,42 28,49 29,18 30,11 30,23 30,35 30,42 31,1 31,5 31,28 31,29 31,47 32,1 32,5 32,21 33,6 33,19 33,42 33,45 34,31 35,6 35,21 35,45 35,49 35,50 36,10 36,47 37,3 37,4 37,32 37,43 38,26 38,27 38,47 39,29 39,38 40,36 40,42 41,11 41,25 41,36 41,42 42,13 42,17 42,24 43,25 46,1 47,10 47,23 47,49 48,6 49,10 50,4 50,25 
2,25 5,12 5,13 5,15 5,40 6,3 7,36 8,7 8,45 9,8 10,18 10,24 11,48 12,26 12,42 13,7 13,48 14,7 14,10 14,20 14,33 15,27 16,4 16,14 16,26 16,33 16,44 17,4 18,13 19,9 19,18 19,27 19,46 20,17 22,29 23,16 23,42 23,50 24,32 25,17 25,23 26,39 27,8 27,11 28,9 28,16 29,7 29,21 29,47 30,43 31,17 31,37 32,1 33,30 34,17 37,1 37,18 38,21 38,23 38,47 39,9 39,14 41,11 41,40 41,42 41,49 42,6 42,18 42,24 43,4 44,5 44,26 44,42 46,2 46,31 46,41 49,21 49,22 49,33 50,10 50,44 
1,10 1,20 1,31 3,26 4,15 4,40 5,49 6,26 6,28 6,30 6,40 7,29 7,45 8,14 8,20 9,8 9,25 9,30 10,25 10,29 10,32 10,34 10,36 11,4 12,30 13,12 13,41 13,43 15,21 15,22 15,24 15,48 16,23 16,32 17,8 17,28 17,45 17,50 19,23 19,50 20,45 21,40 22,12 22,34 22,43 23,2 23,5 23,10 23,37 23,44 24,14 24,19 25,50 27,2 27,3 27,17 27,29 27,30 28,39 29,22 29,46 31,15 31,39 32,14 32,26 32,37 32,46 33,43 34,44 35,27 35,45 36,39 37,13 37,22 37,46 38,25 38,35 38,45 39,48 40,2 40,20 42,13 42,18 42,44 42,48 45,16 45,34 45,36 45,42 45,49 46,30 47,23 47,33 48,34 49,13 50,3 50,30 50,39 
1,9 1,44 2,4 2,8 2,13 2,35 2,40 4,15 4,21 4,27 4,29 4,36 4,41 5,33 5,46 5,47 6,9 6,18 7,14 7,31 7,33 7,36 8,7 8,19 8,29 9,3 9,28 9,36 10,13 10,43 11,9 11,15 11,44 12,1 13,18 13,25 14,3 14,29 14,37 14,44 15,13 15,18 16,3 16,7 16,39 19,4 19,30 19,43 19,50 20,3 20,8 20,24 20,28 22,2 22,31 23,18 23,25 23,45 24,27 25,26 25,44 27,3 27,13 27,36 28,3 28,10 28,42 28,49 29,18 30,11 30,23 30,35 30,42 31,1 31,5 31,28 31,29 31,47 32,1 32,5 32,21 33,6 33,19 33,42 33,45 34,31 35,6 35,21 35,45 35,49 35,50 36,10 36,47 37,3 37,4 37,32 37,43 38,26 38,27 38,47 39,29 39,38 40,36 40,42 41,11 41,25 41,36 41,42 42,13 42,17 42,24 43,25 46,1 47,23 47,49 48,6 49,10 50,4 50,25 
1,10 1,20 1,31 3,26 4,15 4,40 5,49 6,26 6,28 6,30 6,40 7,29 7,45 8,14 8,20 9,8 9,25 9,30 10,25 10,29 10,32 10,36 11,4 12,30 12,34 13,12 13,41 13,43 15,21 15,22 15,24 15,42 15,48 16,23 16,32 17,8 17,28 17,45 17,50 19,23 19,50 20,45 21,40 22,12 22,34 22,43 23,2 23,5 23,10 23,37 23,44 24,14 24,19 24,40 25,50 27,2 27,3 27,17 27,29 27,30 28,39 29,22 29,46 31,15 31,39 32,14 32,26 32,37 32,46 33,43 34,44 35,27 35,45 36,39 37,13 37,22 37,46 38,25 38,35 38,45 39,48 40,2 40,20 42,13 42,18 42,44 42,48 45,16 45,36 45,42 45,49 46,30 47,23 47,33 48,34 49,13 50,30 50,39 
1,9 1,44 2,4 2,8 2,13 2,35 2,40 4,15 4,21 4,27 4,29 4,36 4,41 5,33 5,46 5,47 6,9 6,18 7,14 7,31 7,33 7,36 8,7 8,19 8,29 9,3 9,28 9,36 10,13 10,43 11,9 11,15 11,44 12,1 13,18 13,25 14,3 14,29 14,37 14,44 15,13 15,18 16,3 16,7 16,39 17,44 19,4 19,30 19,43 19,50 20,3 20,8 20,24 20,28 22,2 22,32 23,18 23,25 23,45 24,27 25,26 25,44 27,3 27,13 27,36 28,3 28,10 28,42 28,49 29,18 30,11 30,23 30,35 30,42 31,1 31,5 31,28 31,29 31,47 32,1 32,5 32,21 33,6 33,19 33,42 33,45 34,31 35,6 35,21 35,45 35,49 35,50 36,10 36,47 37,3 37,4 37,32 37,43 38,26 38,27 38,47 39,29 39,38 40,42 41,11 41,25 41,36 41,42 42,13 42,17 42,24 43,25 46,1 47,23 47,49 48,6 49,10 50,4 50,25 
2,25 5,12 5,13 5,15 5,40 6,3 7,36 8,7 8,45 9,8 10,18 10,24 11,48 12,26 12,42 13,7 13,48 14,7 14,10 14,20 14,33 15,27 16,4 16,14 16,26 16,33 16,44 17,4 18,13 19,18 19,27 19,46 20,17 22,29 23,16 23,42 23,50 24,32 25,17 25,23 26,39 27,8 27,11 28,9 28,16 29,7 29,21 29,47 30,43 31,17 31,37 33,30 33,36 34,17 35,46 37,1 37,18 38,21 38,47 39,9 39,14 41,11 41,40 41,42 41,49 42,6 42,18 42,24 43,4 44,5 44,26 44,42 46,2 46,31 46,41 47,28 49,21 49,22 49,33 50,10 50,44 
1,9 1,44 2,4 2,8 2,13 2,35 2,40 4,15 4,21 4,27 4,29 4,36 4,41 5,33 5,46 5,47 6,9 6,18 7,14 7,31 7,33 7,36 8,7 8,19 8,29 9,3 9,28 9,36 10,13 10,43 11,9 11,15 11,44 12,1 13,18 13,25 14,3 14,29 14,37 14,44 15,13 15,18 16,3 16,7 16,39 19,4 19,30 19,43 19,50 20,3 20,8 20,24 20,28 22,2 22,32 23,18 23,25 24,27 25,26 25,44 27,3 27,13 27,36 28,3 28,10 28,42 28,49 29,18 30,11 30,23 30,35 30,42 31,1 31,5 31,28 31,29 31,47 32,1 32,5 32,21 33,6 33,19 33,42 33,45 34,31 35,6 35,21 35,45 35,49 35,50 36,10 36,47 37,3 37,4 37,32 37,43 38,26 38,27 38,47 39,29 39,38 40,36 40,42 41,11 41,25 41,36 41,42 42,13 42,17 42,24 43,25 46,1 47,23 47,49 48,6 49,10 50,4 50,6 50,25 
1,9 1,44 2,4 2,8 2,13 2,35 2,40 4,15 4,21 4,27 4,29 4,36 4,41 5,33 5,46 5,47 6,9 6,18 7,14 7,31 7,33 7,36 8,5 8,7 8,19 8,29 9,3 9,28 9,36 10,13 10,43 11,9 11,15 11,44 12,1 13,18 13,25 14,3 14,29 14,37 14,44 15,13 15,18 16,3 16,7 16,39 19,4 19,30 19,43 19,50 20,3 20,8 20,24 20,28 22,2 22,32 23,18 23,25 23,45 24,27 25,26 25,44 27,3 27,13 27,36 28,3 28,42 28,49 29,18 30,11 30,23 30,35 30,42 31,1 31,5 31,28 31,29 31,47 32,1 32,5 32,21 33,6 33,19 33,42 33,45 35,6 35,21 35,45 35,49 35,50 36,10 36,47 37,3 37,4 37,32 37,43 38,26 38,27 38,47 39,29 39,38 40,36 40,42 41,11 41,25 41,36 41,42 42,13 42,17 42,24 43,25 46,1 47,23 47,49 48,6 49,10 49,13 50,4 50,25 
1,10 1,20 1,31 3,26 4,15 4,40 6,26 6,28 6,30 6,40 7,29 7,45 8,14 8,20 9,8 9,25 9,30 10,25 10,29 10,32 11,4 11,19 12,30 12,34 13,12 13,41 13,43 15,21 15,22 15,24 15,48 16,23 16,32 17,8 17,28 17,45 17,50 19,23 19,50 22,12 22,34 22,43 23,2 23,5 23,10 23,37 23,44 24,14 24,19 24,40 25,50 27,2 27,3 27,17 27,29 27,30 28,32 28,46 29,22 29,46 31,15 31,39 32,14 32,26 32,37 32,46 33,43 34,44 35,27 35,45 36,39 37,13 37,22 37,46 38,25 38,35 38,45 39,48 40,2 40,20 40,42 42,13 42,18 42,44 42,48 45,16 45,36 45,42 45,49 46,30 47,23 47,30 47,33 48,34 49,13 50,22 50,30 50,39 
2,25 5,12 5,13 5,15 5,40 6,1 6,3 7,36 8,7 8,45 9,8 10,18 10,24 11,48 12,42 13,7 13,48 14,7 14,10 14,20 14,32 14,33 15,27 16,4 16,14 16,26 16,33 16,44 17,4 18,13 19,18 19,27 19,46 20,17 22,29 23,16 23,39 23,42 23,50 25,23 26,39 27,8 27,11 28,9 28,16 29,21 29,47 30,43 31,17 31,37 32,1 33,30 34,17 35,5 35,46 37,1 37,18 38,21 38,47 39,9 39,14 41,11 41,40 41,42 41,49 42,6 42,18 42,24 43,4 43,15 44,5 44,26 44,42 46,2 46,31 46,41 47,28 49,21 49,22 49,33 50,10 
1,13 1,14 1,19 1,31 1,49 2,19 2,48 3,4 4,42 5,14 5,43 6,12 7,15 7,16 7,17 7,24 7,41 7,45 7,47 8,12 8,21 9,49 11,2 14,9 14,48 16,4 16,8 16,40 16,47 16,49 17,6 17,32 17,34 19,20 19,26 19,27 20,31 20,37 21,48 22,11 22,30 22,44 23,1 24,37 25,6 25,17 25,33 25,37 25,40 25,43 25,50 27,8 27,20 27,42 28,6 30,17 30,24 30,31 31,9 32,23 33,10 33,27 33,37 34,46 35,5 35,32 36,12 36,19 36,29 36,34 38,7 38,29 39,1 39,2 39,24 39,37 39,44 39,47 39,49 40,10 40,11 40,21 40,23 40,26 40,27 40,35 41,26 42,14 42,31 42,45 43,1 43,6 43,20 43,21 43,31 43,36 44,14 44,18 44,33 45,14 45,41 47,9 47,32 47,40 48,10 48,15 48,28 48,41 49,21 49,24 50,5 50,14 50,26 50,35 
1,10 1,20 1,31 4,15 4,40 5,49 6,24 6,26 6,28 6,30 6,40 7,29 7,45 8,14 8,20 9,8 9,30 10,25 10,29 10,32 10,36 11,4 12,30 12,34 13,12 13,41 13,43 15,21 15,22 15,24 15,48 16,23 16,32 17,8 17,28 17,45 17,50 19,23 19,44 19,50 20,45 21,40 22,12 22,34 22,43 23,2 23,5 23,10 23,37 23,44 24,14 24,19 24,40 25,50 26,37 27,2 27,3 27,17 27,29 27,30 28,39 29,22 29,46 31,15 31,39 32,14 32,26 32,37 32,46 33,43 34,44 35,27 36,39 37,13 37,22 37,46 38,20 38,25 38,35 38,45 39,48 40,2 40,20 42,13 42,18 42,44 42,48 45,16 45,36 45,42 45,49 46,30 47,23 47,30 47,33 49,13 50,30 50,39 
1,4 1,9 1,44 2,4 2,8 2,13 2,35 2,40 4,15 4,21 4,27 4,29 4,36 4,41 5,33 5,46 5,47 6,18 7,14 7,31 7,33 7,36 8,7 8,19 8,29 9,3 9,28 9,36 10,13 10,43 11,9 11,15 11,44 12,1 13,18 14,3 14,29 14,37 14,44 15,13 15,18 16,3 16,7 16,39 18,43 19,4 19,30 19,43 19,50 20,3 20,8 20,24 20,28 22,2 22,32 23,18 23,25 23,45 24,27 25,26 25,44 27,3 27,13 28,3 28,10 28,42 28,49 29,18 30,11 30,23 30,35 30,42 31,1 31,5 31,24 31,28 31,29 31,47 32,1 32,5 32,21 33,6 33,19 33,42 33,45 34,31 35,6 35,21 35,45 35,49 35,50 36,10 36,47 37,3 37,4 37,32 37,43 38,26 38,27 38,47 39,29 39,38 40,1 40,36 40,42 41,11 41,25 41,36 41,42 42,13 42,17 42,24 43,25 46,1 47,18 48,6 49,10 50,4 50,25 
1,13 1,14 1,19 1,31 1,49 2,19 4,23 4,42 5,14 5,43 6,12 7,15 7,16 7,17 7,24 7,41 7,45 7,47 8,12 8,21 9,49 11,2 13,42 14,9 14,48 16,4 16,8 16,40 16,47 16,49 17,6 17,32 17,34 19,20 19,26 19,27 20,31 20,37 21,48 22,11 22,30 22,38 22,44 23,1 24,37 24,46 25,6 25,17 25,33 25,37 25,40 25,43 25,50 27,8 27,20 27,42 28,6 30,17 30,31 31,9 32,10 32,23 33,10 33,27 33,37 34,46 35,5 35,32 36,12 36,19 36,29 36,34 38,7 38,29 39,1 39,2 39,24 39,37 39,44 39,47 39,49 40,11 40,21 40,23 40,26 40,27 40,35 41,26 42,12 42,14 42,31 42,45 43,1 43,6 43,20 43,21 43,36 44,14 44,18 44,33 45,14 45,41 47,9 47,32 47,40 48,15 48,28 48,41 49,21 49,24 50,5 50,14 50,26 50,35 
1,13 1,14 1,31 1,41 1,49 2,19 2,48 3,4 5,14 6,12 7,15 7,16 7,17 7,24 7,41 7,45 7,47 8,12 8,21 9,49 13,41 13,42 14,9 14,48 16,4 16,8 16,17 16,40 16,47 16,49 17,6 17,32 17,34 19,20 19,26 19,27 20,31 20,37 21,48 22,11 22,30 22,44 23,1 24,37 25,6 25,17 25,33 25,37 25,40 25,43 25,50 27,8 27,20 27,42 28,6 30,17 30,24 30,31 31,9 32,10 32,23 33,10 33,27 33,37 34,46 35,5 35,32 36,12 36,19 36,29 36,34 37,8 38,7 38,29 39,1 39,2 39,24 39,37 39,44 39,47 39,49 40,11 40,21 40,23 40,26 40,27 40,35 41,26 42,14 42,31 42,45 43,1 43,6 43,20 43,21 43,36 44,14 44,18 44,33 45,14 45,41 47,9 47,32 47,40 48,10 48,15 48,28 48,41 49,21 49,24 50,5 50,14 50,26 50,35 
1,10 1,20 1,31 3,26 4,15 4,40 5,49 6,26 6,28 6,30 6,40 7,29 7,45 8,14 8,20 9,8 9,25 9,30 10,25 10,29 10,32 10,36 11,4 12,30 12,34 13,12 13,41 13,43 15,21 15,22 15,24 15,48 16,23 16,32 17,8 17,28 17,45 17,50 19,14 19,23 19,50 20,45 21,40 22,12 22,34 22,43 23,2 23,5 23,10 23,37 23,44 24,14 24,19 24,40 25,50 27,2 27,3 27,17 27,29 27,30 28,39 29,22 29,46 31,15 31,39 32,14 32,26 32,37 33,43 34,44 35,27 35,45 36,39 37,13 37,22 37,46 38,25 38,35 38,45 39,48 40,2 40,20 42,13 42,18 42,44 42,48 45,16 45,36 45,42 45,49 46,30 47,23 47,30 47,33 48,34 49,13 50,30 50,39 
1,9 1,44 2,4 2,8 2,13 2,35 2,40 4,15 4,21 4,29 4,36 4,41 5,33 5,46 5,47 6,9 6,18 7,14 7,31 7,33 7,36 8,7 8,19 8,29 9,3 9,28 9,36 10,13 10,43 11,9 11,15 12,1 13,18 13,25 14,3 14,29 14,37 14,44 15,13 15,18 16,3 16,7 16,39 19,4 19,30 19,43 19,50 20,3 20,8 20,24 20,28 22,2 22,32 23,18 23,25 23,45 24,27 24,29 25,26 25,44 27,3 27,13 27,36 28,3 28,10 28,42 28,43 28,49 29,18 30,11 30,23 30,35 30,42 31,1 31,28 31,29 31,47 32,1 32,5 32,11 32,21 33,6 33,19 33,42 33,45 34,31 35,6 35,21 35,45 35,49 35,50 36,10 36,47 37,3 37,4 37,32 37,43 38,27 38,47 39,29 39,38 40,36 41,11 41,25 41,36 41,42 42,13 42,17 42,24 43,25 44,21 46,1 47,23 47,49 48,6 49,10 49,26 50,4 50,25 
1,13 1,14 1,19 1,31 1,45 2,48 3,4 4,42 5,14 5,43 6,12 7,16 7,17 7,24 7,41 7,45 7,47 8,12 8,21 11,2 13,42 14,9 14,48 16,4 16,8 16,40 16,47 16,49 17,6 17,32 17,34 18,11 19,20 19,26 19,27 20,31 20,37 21,48 22,11 22,30 22,44 23,1 24,37 25,6 25,17 25,33 25,37 25,40 25,43 25,50 27,8 27,20 27,42 28,6 30,17 30,24 30,31 31,9 32,10 32,23 33,10 33,27 33,37 34,46 35,5 35,32 36,12 36,19 36,29 36,33 36,34 36,45 38,7 38,29 39,1 39,2 39,24 39,37 39,44 39,47 39,49 40,11 40,21 40,23 40,26 40,27 40,35 41,26 42,14 42,31 42,45 43,1 43,6 43,20 43,21 43,36 44,14 44,18 44,33 45,14 45,41 47,9 47,32 47,40 48,10 48,15 48,28 48,41 49,21 49,24 50,5 50,14 50,26 50,35 
2,25 5,12 5,13 5,15 5,40 6,3 8,7 8,45 9,8 10,18 10,24 10,36 11,48 12,26 12,42 13,7 13,48 14,7 14,10 14,20 14,33 15,27 16,4 16,14 16,26 16,33 16,44 17,4 18,13 19,18 19,27 19,46 22,29 23,16 23,42 23,50 24,32 25,17 25,23 26,39 27,8 27,11 28,9 28,16 29,7 29,21 29,47 30,43 31,17 31,37 32,1 33,30 34,17 35,46 37,1 37,18 38,21 38,47 39,9 39,14 39,48 41,11 41,40 41,42 41,49 42,6 42,18 42,24 43,4 44,5 44,26 46,2 46,31 46,41 47,28 49,21 49,22 49,33 50,6 50,10 50,44 
2,25 3,26 5,12 5,13 5,15 5,40 6,3 7,36 8,7 8,45 9,8 10,18 10,21 10,24 11,48 12,26 12,42 13,7 13,48 14,7 14,10 14,20 14,33 15,27 16,4 16,14 16,26 16,33 16,44 17,4 18,13 19,18 19,27 19,46 20,17 22,29 23,16 23,42 23,50 24,32 25,17 25,23 26,39 27,8 27,11 28,9 28,16 29,7 29,21 29,47 30,43 31,17 31,37 32,1 33,30 34,17 35,46 37,1 37,18 38,21 38,47 39,14 41,11 41,40 41,42 41,49 42,6 42,18 42,24 43,4 44,5 44,26 44,42 46,2 46,31 46,41 47,28 49,21 49,33 50,10 50,44 
1,13 1,14 1,19 1,31 1,49 2,19 2,48 3,4 4,42 5,14 5,43 6,12 7,15 7,16 7,17 7,24 7,41 7,45 7,47 8,12 8,21 9,49 11,2 13,42 14,9 14,48 16,4 16,8 16,34 16,40 16,47 16,49 17,6 17,32 17,34 19,20 19,26 19,27 20,31 20,37 21,48 22,11 22,30 22,44 24,37 25,6 25,17 25,33 25,37 25,40 25,43 25,50 27,8 27,20 27,42 28,6 30,17 30,24 30,31 31,9 32,10 32,14 32,23 33,10 33,27 34,46 35,5 35,32 36,12 36,19 36,29 36,34 38,7 38,29 39,1 39,2 39,24 39,34 39,37 39,44 39,47 39,49 40,11 40,21 40,23 40,26 40,35 41,26 42,14 42,31 42,45 43,1 43,6 43,20 43,21 43,36 44,14 44,18 44,33 45,14 45,41 47,9 47,32 47,40 48,10 48,15 48,28 48,41 49,21 49,24 50,5 50,14 50,26 50,35 
1,10 1,20 1,31 3,26 4,15 4,40 5,49 6,26 6,28 6,30 6,40 7,29 7,45 8,14 8,20 9,8 9,25 9,30 10,25 10,32 10,36 11,4 12,30 12,34 13,12 13,41 13,43 13,46 15,21 15,22 15,24 15,48 16,23 16,32 17,8 17,28 17,45 17,50 19,23 19,50 20,45 21,40 22,12 22,34 22,43 23,2 23,5 23,10 23,37 23,44 24,14 24,19 24,40 25,50 27,2 27,3 27,17 27,29 27,30 28,39 29,22 29,46 31,15 31,39 32,14 32,26 32,37 32,46 33,43 34,44 35,27 35,45 36,39 37,13 37,22 37,46 38,25 38,35 38,45 39,29 39,48 40,2 40,20 42,13 42,18 42,44 42,48 45,16 45,36 45,42 45,49 46,30 47,30 47,33 48,34 49,13 50,30 50,39 
1,10 1,20 1,31 3,26 4,15 4,40 5,49 6,26 6,28 6,30 6,40 7,11 7,29 7,45 8,14 8,20 9,8 9,25 9,30 10,25 10,29 10,32 10,36 11,4 11,42 12,30 12,34 15,21 15,22 15,24 15,48 16,23 16,32 17,8 17,28 17,45 17,50 19,23 19,50 20,45 21,40 22,12 22,34 22,43 23,2 23,5 23,10 23,37 23,44 24,14 24,19 24,40 25,50 27,2 27,3 27,17 27,29 27,30 28,39 29,22 29,46 31,15 31,39 32,14 32,26 32,37 32,46 33,43 34,44 35,27 35,45 36,39 37,13 37,22 37,46 38,25 38,35 38,45 39,48 40,2 40,20 42,13 42,18 42,44 42,48 43,13 45,16 45,36 45,42 45,49 46,30 47,23 47,30 47,33 48,34 49,13 50,30 50,39 
2,25 5,12 5,13 5,15 5,40 6,3 7,36 8,7 8,45 9,8 10,18 10,24 11,48 12,26 12,37 12,42 13,7 13,48 14,7 14,10 14,20 14,33 15,27 15,31 16,4 16,14 16,26 16,33 16,44 17,4 18,13 19,18 19,27 19,46 22,29 23,16 23,42 23,50 25,17 25,23 25,41 26,39 27,8 27,11 28,9 28,16 29,7 29,21 29,47 30,43 31,17 32,1 33,30 34,17 35,46 37,18 38,21 38,47 39,9 39,14 41,11 41,40 41,42 41,49 42,6 42,18 42,24 43,4 44,5 44,26 44,42 46,2 46,31 46,41 47,28 48,9 49,21 49,22 49,33 50,10 50,44 
1,10 1,20 1,31 3,26 4,15 4,40 5,25 5,49 6,26 6,28 6,30 6,40 7,45 8,14 8,20 9,8 9,25 9,30 10,25 10,29 10,32 10,36 11,4 12,30 12,34 13,12 13,41 13,43 15,21 15,22 15,24 15,48 16,23 16,32 17,8 17,28 17,45 17,50 19,23 19,50 20,45 21,40 22,12 22,34 22,43 23,2 23,5 23,10 23,37 23,44 24,14 24,19 24,40 25,50 27,2 27,3 27,17 27,29 27,30 28,39 29,22 29,46 31,15 31,39 32,14 32,37 32,46 33,43 34,44 35,27 35,45 36,39 37,13 37,22 37,26 37,46 38,25 38,35 38,45 39,48 40,2 40,20 42,13 42,18 42,44 42,48 45,16 45,36 45,42 45,49 46,30 47,23 47,30 47,33 48,34 49,13 50,30 50,39 
2,25 3,7 4,21 5,12 5,13 5,15 5,40 6,3 7,36 8,7 8,45 9,8 10,18 10,24 11,48 12,26 12,42 13,7 13,48 14,7 14,10 14,20 14,33 15,27 16,4 16,14 16,26 16,33 16,44 17,4 18,13 19,18 19,27 19,46 20,17 22,29 23,42 23,50 25,17 25,23 26,39 27,8 27,11 28,9 28,16 29,7 29,21 29,47 30,43 31,17 31,37 32,1 33,2 33,30 34,17 35,46 37,1 37,18 38,21 38,47 39,9 41,11 41,40 41,42 41,49 42,6 42,18 42,24 43,4 44,5 44,26 44,42 46,2 46,31 46,41 47,28 48,7 49,22 49,33 50,10 50,44 
1,13 1,14 1,19 1,31 1,49 2,19 2,48 3,4 4,42 5,14 5,43 6,12 7,15 7,16 7,17 7,24 7,41 7,45 7,47 8,12 8,21 9,49 11,2 13,42 14,9 14,26 14,48 16,4 16,8 16,40 16,47 16,49 17,6 17,32 17,34 19,20 19,26 19,27 20,31 20,37 21,48 22,11 22,30 22,44 23,1 24,37 25,6 25,17 25,33 25,37 25,40 25,43 25,50 27,8 27,20 27,42 28,6 30,17 30,24 30,31 31,9 32,10 32,23 33,10 33,27 33,37 35,5 35,32 36,12 36,19 36,29 36,34 38,7 38,29 39,1 39,2 39,24 39,37 39,44 39,47 39,49 40,11 40,21 40,23 40,26 40,27 40,35 41,26 42,14 42,31 42,45 43,1 43,6 43,20 43,21 43,36 44,14 44,18 44,33 45,14 45,41 47,9 47,32 47,40 48,10 48,15 48,28 48,41 49,21 49,24 50,5 50,14 50,26 50,35 
1,9 1,44 2,4 2,8 2,13 2,35 2,40 4,15 4,21 4,27 4,29 4,36 4,41 5,33 5,46 5,47 6,9 6,18 7,14 7,31 7,33 7,36 8,7 8,19 8,29 9,3 9,28 9,36 10,13 10,43 11,9 11,15 11,44 12,1 12,46 13,18 13,25 14,3 14,29 14,37 14,44 15,13 15,18 15,34 16,3 16,7 16,39 19,4 19,30 19,43 19,50 20,3 20,8 20,15 20,24 20,28 22,2 22,32 23,18 23,25 23,45 24,27 25,26 25,44 27,3 27,13 27,36 28,3 28,10 28,42 28,49 29,18 30,11 30,23 30,35 30,42 31,1 31,5 31,28 31,29 31,47 32,1 32,5 32,21 33,6 33,19 33,42 33,45 35,6 35,21 35,45 35,49 35,50 36,10 36,47 37,3 37,4 37,32 37,43 38,26 38,27 38,47 39,38 40,36 40,42 41,11 41,25 41,36 41,42 42,13 42,17 42,24 43,25 46,1 47,23 47,49 49,10 50,4 50,25 
1,9 1,44 2,4 2,8 2,13 2,35 2,40 4,15 4,21 4,27 4,29 4,36 4,41 5,33 5,46 5,47 6,9 6,18 7,31 7,33 7,36 8,7 8,19 8,29 9,3 9,28 9,36 10,13 10,43 11,15 11,44 12,1 13,18 13,25 14,3 14,29 14,37 14,44 15,13 15,18 16,3 16,7 16,39 18,3 19,4 19,30 19,43 19,50 20,3 20,8 20,24 20,28 22,2 22,32 23,18 23,25 23,45 24,27 25,26 25,44 27,3 27,13 27,36 28,3 28,10 28,42 28,49 29,18 30,11 30,23 30,35 30,42 31,1 31,5 31,28 31,29 31,47 32,1 32,5 32,21 33,6 33,19 33,42 33,45 34,31 35,6 35,21 35,45 35,49 35,50 36,10 36,47 37,3 37,4 37,32 37,39 37,43 38,26 38,27 38,47 39,29 39,38 40,36 40,42 41,11 41,25 41,36 41,42 42,17 42,24 43,25 46,1 47,23 47,49 48,6 49,10 50,4 50,13 50,25 
5,12 5,13 5,15 5,40 6,3 7,36 8,7 8,45 9,8 10,18 10,24 11,48 12,26 12,42 13,48 14,7 14,10 14,20 14,33 15,27 16,4 16,14 16,26 16,33 16,44 17,4 17,6 18,1 18,13 19,18 19,27 19,46 20,17 22,29 23,16 23,42 23,50 24,32 25,17 25,23 26,36 26,39 27,8 27,11 27,37 28,16 29,7 29,21 29,47 30,43 31,17 31,37 32,1 33,30 34,17 35,46 37,1 37,18 38,21 38,47 39,9 39,14 41,11 41,40 41,42 41,49 42,6 42,18 42,24 43,4 44,5 44,26 44,42 46,2 46,31 46,41 47,28 49,21 49,22 49,33 50,10 
1,10 1,20 1,31 3,26 4,15 4,40 5,49 6,26 6,28 6,30 6,40 7,29 7,45 8,14 8,20 9,8 9,25 9,30 10,17 10,25 10,29 10,32 12,30 12,34 13,12 13,41 13,43 15,21 15,22 15,24 15,48 17,8 17,28 17,45 17,50 19,23 19,50 20,45 21,40 22,12 22,34 22,43 23,2 23,5 23,10 23,37 23,44 24,14 24,19 24,40 25,50 27,2 27,3 27,17 27,29 27,30 28,39 29,22 29,46 30,41 31,15 31,39 32,14 32,26 32,37 32,46 33,43 34,44 34,46 35,27 35,45 36,39 37,13 37,22 37,46 38,25 38,35 38,45 39,48 40,2 40,20 42,13 42,18 42,44 42,48 45,16 45,36 45,42 45,49 46,30 47,23 47,25 47,30 47,33 48,34 49,13 50,30 50,39 
2,25 5,12 5,13 5,15 5,40 6,3 7,36 8,7 8,45 9,8 10,18 10,24 12,26 12,42 13,7 13,48 14,7 14,10 14,20 14,33 15,27 16,4 16,14 16,26 16,33 16,44 17,4 18,13 19,18 19,27 20,17 22,29 23,16 23,42 23,50 24,32 25,17 25,23 25,31 25,43 26,39 27,6 27,8 27,11 28,9 28,16 29,7 29,21 29,47 30,43 31,17 32,1 33,30 34,17 35,46 37,1 37,18 38,21 38,47 39,9 39,14 41,11 41,40 41,42 41,49 42,6 42,18 42,24 43,4 44,5 44,26 44,42 46,2 46,31 46,41 48,17 49,21 49,22 49,33 50,10 50,44 
1,20 1,31 3,26 4,15 4,40 5,49 6,26 6,28 6,30 6,40 7,29 7,45 8,14 8,20 9,8 9,25 9,30 10,25 10,29 10,32 10,36 11,4 12,30 12,34 13,12 13,41 13,43 15,21 15,22 15,24 15,48 16,23 16,32 17,8 17,28 17,45 17,50 19,23 19,50 20,45 21,40 22,12 22,34 22,43 23,2 23,5 23,10 23,37 23,44 24,14 24,19 24,40 25,50 27,2 27,3 27,17 27,29 27,30 28,39 29,22 29,37 29,46 31,15 31,39 32,14 32,26 32,37 32,46 33,43 34,44 35,27 35,45 36,39 37,13 37,22 37,46 38,25 38,35 38,45 40,2 40,20 42,13 42,18 42,44 42,48 45,5 45,16 45,36 45,42 45,49 46,30 47,23 47,30 47,33 48,34 49,13 50,30 50,39 
2,25 5,3 5,12 5,13 5,15 5,40 6,3 7,36 8,7 9,8 10,18 10,24 11,48 12,26 12,42 13,7 13,48 14,7 14,10 14,20 14,33 16,4 16,26 16,33 16,44 17,4 18,13 19,18 19,27 19,46 20,11 20,17 20,18 21,35 22,29 23,16 23,42 23,50 24,32 25,17 25,23 26,39 27,8 27,11 28,9 28,16 29,7 29,21 29,47 30,43 30,48 31,17 31,37 32,1 33,30 34,17 37,1 37,18 38,21 38,47 39,9 39,14 41,11 41,40 41,42 41,49 42,6 42,18 42,24 44,5 44,26 44,42 46,2 46,31 46,41 47,28 49,21 49,22 49,33 50,10 50,44 
1,13 1,14 1,19 1,31 1,49 2,19 2,48 3,4 4,42 5,14 5,43 6,12 7,15 7,16 7,17 7,24 7,41 7,45 7,47 8,21 9,49 11,2 12,18 13,42 14,9 14,48 16,4 16,8 16,40 16,47 16,49 17,6 17,32 17,34 19,20 19,26 19,27 20,31 20,37 21,48 22,11 22,30 22,44 23,1 24,37 25,6 25,17 25,33 25,37 25,40 25,43 25,50 27,8 27,20 27,42 28,6 30,17 30,24 30,31 31,9 31,28 32,10 32,23 33,10 33,27 34,12 34,46 35,5 35,32 36,12 36,19 36,29 36,34 38,7 38,29 39,1 39,2 39,24 39,37 39,44 39,47 39,49 40,11 40,21 40,23 40,26 40,27 40,35 41,26 42,14 42,31 42,45 43,1 43,6 43,20 43,21 43,36 44,14 44,18 44,33 45,14 45,41 47,9 47,32 47,40 48,10 48,15 48,28 49,21 49,24 50,5 50,14 50,26 50,35 
1,9 1,44 2,4 2,8 2,13 2,35 2,40 4,15 4,21 4,27 4,29 4,36 4,41 5,33 5,46 5,47 6,9 6,18 7,14 7,31 7,33 7,36 8,7 8,19 8,29 9,3 9,28 9,36 10,13 10,43 11,9 11,15 11,44 12,1 13,18 13,25 14,3 14,29 14,37 14,44 15,13 15,18 16,3 16,7 16,39 19,4 19,30 19,43 19,50 20,3 20,8 20,24 20,28 22,2 22,13 22,32 23,18 23,25 23,45 24,27 25,26 25,44 27,3 27,13 27,36 28,3 28,10 28,42 28,49 29,18 30,11 30,23 30,35 30,42 31,1 31,5 31,28 31,29 31,47 32,1 32,5 32,21 33,6 33,19 33,42 33,45 34,31 35,6 35,21 35,45 35,49 35,50 36,10 36,47 37,3 37,4 37,32 37,43 38,26 38,27 38,47 39,29 39,38 40,36 40,42 41,11 41,25 41,36 41,42 42,13 42,17 42,24 43,25 46,1 47,23 47,49 48,6 49,10 50,4 
2,25 5,12 5,13 5,15 5,40 6,3 7,36 8,7 8,45 9,8 10,18 10,24 11,48 12,26 12,42 13,7 13,48 14,7 14,10 14,20 14,33 15,27 16,4 16,14 16,26 16,44 17,4 18,13 19,18 19,27 19,46 20,17 22,29 23,16 23,42 23,50 24,32 25,17 25,23 26,31 26,39 27,8 27,11 28,9 28,16 29,7 29,21 29,47 30,43 31,17 31,37 31,48 32,1 34,17 35,46 37,1 37,6 37,18 38,21 38,47 39,9 39,14 41,11 41,40 41,42 41,49 42,6 42,18 42,24 43,4 44,5 44,26 44,42 46,2 46,31 46,41 49,21 49,22 49,33 50,10 50,44 
